#生产时间 运营时间 原材料投入总量 材料RM2 材料RM6 材料RM14 平均高温 平均低温 环渤海煤炭价格指数（BSPI） 全国煤炭库存 全国煤炭产量 产量 耗电量
207.00,572.45,466.07,162.90,4792.00,0.00,11192.47,21.41,47.02
238.00,650.66,661.45,160.10,4810.00,80.00,10443.86,0.20,52.51
269.00,641.52,595.62,158.46,4373.03,0.40,3387.02,59.14,56.93
299.00,427.74,517.23,157.90,4412.21,0.00,1684.94,0.68,48.93
330.00,549.33,396.05,158.23,4325.14,0.00,16852.95,0.00,45.66
360.00,463.38,323.19,159.70,4407.35,25.30,12997.74,162.52,63.14
391.00,596.09,847.82,161.53,3854.81,0.20,25770.03,54.52,71.97
422.00,851.67,738.25,160.93,4329.59,66.10,14626.79,20.52,65.28
450.00,981.21,800.30,158.63,4864.53,490.00,39276.00,198.94,96.10
481.00,997.31,1008.35,155.35,4984.60,325.00,19781.88,177.76,97.74
