#原材料重量总和(下料工序)	平均高温	平均低温	生产时间	27SiMn	40Cr	40Mn2	42CrMo	23MnNiMoCr54	40CrNiMo	Q345B	40MnVB	40CrNiMoA	17CrNiMo6	气消耗
177148.52,27.93,16.90,7.00,29500.00,348.00,9140.00,22597.40,3881.80,24409.58,13555.02,70000.00,603.50,8015.32,778.60,45187.00
194424.23,29.10,18.94,8.00,30000.00,14443.00,78016.25,23441.30,1029.96,18943.81,14427.65,9300.00,0.00,11813.00,0.00,42506.00
276176.04,28.68,17.45,9.00,30000.00,6024.60,3863.54,66954.40,334.54,12160.45,44189.76,126408.50,620.00,6097.00,1978.73,66115.00
142266.95,23.66,11.17,10.00,31500.00,2269.80,0.00,25703.80,19.00,1367.83,2086.85,104406.00,0.00,1146.00,1193.50,47091.00
51280.52,16.26,3.84,11.00,32000.00,1674.30,0.00,2232.90,492.60,5741.58,8666.22,1290.00,0.00,5116.60,35.00,47650.00
184986.33,7.07,-3.83,12.00,33000.00,4466.00,2250.00,14012.80,3063.00,19499.08,16622.21,64780.00,26.60,20992.60,1110.60,73024.00
1222656.47,0.42,-10.23,1.00,17508.00,20508.70,355690.82,121566.39,3779.02,74085.18,74813.31,431878.60,2824.70,67548.88,2457.87,105000.00
1110393.22,0.23,-10.58,2.00,29000.00,21786.00,191323.14,86391.30,6924.04,41493.45,177315.60,468245.50,373.30,89345.33,792.44,81960.00
1043636.88,0.86,-9.21,3.00,24500.00,14914.20,274970.00,70629.75,1581.86,45298.62,98939.40,454530.30,0.00,18520.16,896.85,70164.00
651756.71,11.94,-2.52,4.00,30500.00,4784.00,206702.50,62710.15,6087.70,33683.89,122095.07,160746.00,57.60,11840.40,512.90,75116.00